5184581858754560
5758048710688768
5631131353350144
5648269346603008
5740240702537728
5747531812175872
5683257223938048
5696758453633024
5678385120411648
5761253830033408
5763210187636736
5662979341156352
5724822843686912
5659645909663744
5638545540644864
5096695956242432
5669207849041920
5655352284545024
5708235679989760
5729327995944960
5749716474134528
5745580152193024
5713050069893120
5738275486564352
5744733775200256
5642906408845312
5696381570252800
5719570367119360
5674248798470144
5735865741475840
5741384237580288
5679128418189312
5668515822436352
5762957321437184
5730602795925504
5139999158697984
5722152447770624
5656904915222528
5633418423435264
5669976513970176
5765486922956800
5768679291617280
5732824904630272
5191868404989952
5692331952963584
5754818358411264
5753113524830208
5671617594130432
5719378301550592
5645056174194688
5744277971795968
5747862927310848
5663052624035840
5721489412194304
5705848751915008
5634985281191936
5765867027562496
6235839528960000
5160138260348928
5687280266117120
5652912474685440
5764878782431232
5674069752020992
5697869507985408
5719887657828352
5739121058250752
5746348548685824
5730192894984192
5727217287954432
5672463165816832
5759522421342208
5646748928180224
5712272949248000
5670976570261504
5684192989937664
5694896316874752
5723088213770240
5734616174428160
5739238230327296
5735267667279872
5672889575538688
5678444713082880
5109939622117376
5699866936213504
5745189578604544
5746664899870720
5679974795182080
5670052883857408
5732910535540736
5767790501822464
5710758973276160
5656619568332800
5659822271758336
5732252600238080
5702351037923328
5751700212154368
5748291350298624
5711129414205440
5641462360309760
5636904326266880
5759778777202688
5768158526832640
5654672874405888
5634612826996736
5686812383117312
5660765553950720
5703274724327424
5694209793196032
5693048138760192
5163538666487808
5654100301578240
5688555066097664
5720853220163584
5651276360581120
5694015311708160
5081151127420928
5665054615666688
5769623379116032
5743257380192256
5723151296102400
5644101080842240
5754079087165440
5651442522128384
5641332169113600
5663741160980480
5765033938124800
5691420614590464
5733311175458816
5652536396611584
5657903226683392
5720758194012160
5749781167079424
5676582576324608
5715683958587392
5684049913839616
5704980631650304
5639955095224320
5127141637226496
5756749483081728
5655638436741120
5698829030522880
5690091590647808
5736907271045120
5643701380448256
5695716924063744
5677350838599680
5736126123868160
5669468231434240
5645914630782976
5742351410528256
5702480826466304
5743868070854656
5709875686408192
5764577597849600
5702797177651200
5631725669449728
5716606839685120
5670249378611200
5704093720903680
5727950116749312
5698125863845888
5665117697998848
5638404075159552
5737611108810752
5661601461960704
5686589850124288
5658091668373504
5740087962763264
5636139285217280
5709198289534976
5637641986899968
5671984008527872
5692592335355904
5697124062724096
5684961520648192
5657582312095744
5194957291782144
5640941595525120
5647591547076608
5700983627710464
5635949232914432
5110547494207488
5694979263430656
5681461390737408
5673497447628800
5643365030821888
5667039158992896
5767409591910400
5759826290278400
5755034180517888
5689922476310528
5648334039547904
5675052494225408
5714772351778816
5741642204053504
5677751478517760
5732312192909312
5718922095493120
5659456662667264
5630978613575680
5668387241852928
5738369707409408
5730774057746432
5673309542809600
5763263606292480
5683582030839808
5761329797267456
5752571553644544
5641826627223552
5683127032741888
5700866052980736
5655980960382976
5650665401483264
5630110493310976
5634208160546816
5658962204557312
5696605713858560
5631943370604544
5674368789118976
5766596232478720
5697982787747840
5685665089978368
5757183006343168
5728116278296576
5693341270278144
5763568280535040
5756292874371072
5648161435549696
5764144745676800
5685570869133312
5661458385862656
5649952705347584
5713573250596864
5717424225648640
5761673931522048
5728757302165504
5643440998055936
5642684278505472
5649202965118976
5085211482128384
5658234744471552
5730342413533184
5739833217515520
6310300169011200
5688681230761984
5200761940082688
5648943388033024
5740615169998848
5751530024075264
5168333594820608
5717119551406080