5662536053555200
5720897142915072
5725869372866560
5736745035366400
5744938121691136
5655886907310080
5755063473537024
5683470932115456
5723809264959488
5690853477580800
5739699167559680
5704137643655168
5728637915496448
5678280229257216
5706782538203136
5667887314370560
5647666608340992
5689848690114560
5652314199162880
5717309670817792
5637479751221248
5712829080403968
5692367319334912
5693735937507328
5701482984767488
5672174127939584
5631362912485376
5650915080011776
5729600659259392
5753698579906560
5687040687472640
5646480425615360
5732808731394048
5718848309297152
5684907766448128
5737388911362048
5718513066967040
5651855174533120
5659553769193472
5724627624001536
5682121540632576
5656673825849344
5752995614556160
5138950180044800
5736627494191104
5687368514273280
5116456731672576
5659134976327680
5769945132564480
5670794235478016
5644951283040256
5745302388604928
5680219105001472
5653401597640704
5737960678883328
5752256343310336
5691742368038912
5768477495263232
5720369633689600
5745858419097600
5663526211289088
5671302786449408
5730843750301696
5679675288322048
5664488955052032
5743411495698432
5709678050803712
5719666668339200
5757373125754880
5746670839005184
5712529472880640
5701900133466112
5170505841639424
5204160131629056
5654645158445056
5635649726054400
5679406685093888
5692748631900160
5767110085050368
5750806758293504
5711973442387968
5648434904170496
5670396380577792
5665414889603072
6296405748482048
5711609175474176
5674053578784768
5733455795060736
5754661927649280
5702684870967296
5669562083180544
5688210193645568
5741549795147776
5639313064722432
5757956570218496
5721332981432320
5646939047591936
5748345607815168
5685252034920448
5744822023356416
5675284053360640
5635448399462400
5676533754626048
5738476309839872
5646258127503360
5732004632985600
5668294832947200
5704310113435648
5673261526417408
5708323928145920
5714179277193216
5643020158369792
5710855106723840
5636336216178688
5642522042826752
5750566676332544
5767527233748992
5715789755711488
5124052549107712
5632601339461632
5700921115803648
5634263223369728
5711673465765888
5644197214289920
5750326426599424
5687002502529024
5678164130922496
5695452850683904
5657211535622144
5734919842037760
5734348074516480
5653776635527168
5677071464398848
5753660394962944
5720434527961088
5150359626448896
5140451673767936
5638186843766784
5660192779796480
5197546687299584
5682293876195328
5641497726681088
5645015573331968
5656351468421120
5736995921854464
5642230421258240
5748847884107776
5185838338015232
5751864561762304
5713309579870208
5703401627189248
5649036870680576
5670698806673408
5675456288260096
5694581509193728
5640060892348416
5630121163620352
5735162776125440
5748788291436544
5655035866251264
5638949334679552
5637369860456448
5707740483682304
5668639101419520
5629537719156736
5683772150251520
5640642088665088
5639686995312640
5760496640720896
5725183151177728
5706328513183744
5713690892435456
5716240492396544
5739004087500800
5691967484723200
5755617021001728
5722786827862016
5731068866985984
5686287927345152
5715459345219584
5676357962956800
5669947992702976
5675902159552512
5757215554142208
5673971034882048
5685506780168192
5719401856761856
5758512097394688
5737085646405632
5717152099205120
5653711741255680
5633073550983168
5658638538506240
5647341163905024
5768182484697088
5750719416107008
5099807190286336
5740456054882304
5667201092681728
5693265370152960
5675609028034560
5726041607766016
5648879299067904
5765563091517440
5670633912401920
5729009161732096
5685703274921984
5698905199083520
5109602400075776
5707230187880448
5723698166235136
5630676690796544
6283001960857600
5714504251867136
5732160593985536
5087493250613248
5662757143707648
5699902705238016
5763374000373760
5659936423936000
5745976430034944
5712750563033088
5679318537601024
5188658252480512
6314558159323136
5634791001030656
5648148080885760
5157102054014976
5163511755833344
5650443204034560
5726461709254656
5079433207611392
5743661174226944
5751608205901824
5134152701575168
5687753853370368
5697102654996480
5752814017970176
5720052007436288
5770105354977280
5167275489361920
5760443222065152
5676293873991680
5693821031546880
5730225442783232
5661350005047296
5715498335469568
5714053011865600
5077848096243712
5665664568131584
5736201084469248
5722939567636480
5168247292821504
5654424907153408
5640798049665024
5704559791964160
6266543646179328
5074810480623616
5663773708779520
5637760434044928
5632490240737280
5733128370913280
5195498055008256
5649684605435904
5140643739336704
5731536749985792
5183474763825152
5691198417141760
5186739811385344
5665833682468864
5686378457202688
5658591025430528
5678788914446336
5668943775662080
5749689764806656
5148343273521152
5746424717246464
5677568673972224
5698529657880576
5711293226942464
5751087441117184
5708045157924864
5629842393399296
5650882632876032
6237690055884800
5675637549301760
5674740102463488
5716463897804800
5706275094528000
5743379048562688
5111790149042176
5636722125701120
5656717077512192
5160748212813824
5703756700188672
5637408045400064
5646092670599168
5642383161032704
5748724202471424
5157677579632640
4697703762100224
5715233054130176
6143281037574144
4739633715871744
4968133693538304
5839010790375424
5785474559901696
6363919211823104
5411364185047040
4705352360656896
5831252267499520
5004204976373760
5173251131047936
5095068029419520
5682446615969792
5656462332264448
5662863981019136
5635573557493760
5181132731580416
5650258788876288
5201156607311872
5764106560733184
5660231770046464
5710525031776256
5651574659481600
5629998891270144
5682526676844544
5141609838542848
4899657754869760
5648242637275136
5131789127385088
5698273302020096
5067662648410112
5099417422004224
5171715143368704
5188953598590976
5701406816206848
5672201038594048
6307032638423040
5099914027597824
6196634463502336
6282199875715072
5742415700819968
5134088612610048
5719249922293760
5697038566031360
5668411803697152
5156299968872448
5689219510960128
5070734556659712
5077208682987520
5748494891483136
5760261558370304
5708131661250560
5652592029859840
5695376682123264
4986885520752640
5894722690220032
5671821135314944
5199127772135424
5763119255126016
5636432282517504
5682200527765504
5768641308000256
5129447095140352
5162126092009472
5725076045430784
5120380620505088
5641720930762752
5768820354449408
5709550879506432
5696822139944960
5178378248257536
6256724075872256
5159275844337664
5672943531065344
5692397048561664
5141105783865344
5722225797758976
5683330573926400
5700680429862912
5668073239478272
5746478739881984
5741673409675264
5730563403022336
5732735381405696
5634022537428992
5130824169029632
5680645481168896
5744341658107904
5663905510588416
5766719847006208
5666717640425472
5630569585049600
5704055737286656
5761823785615360
5711012711890944
5696196685332480
5693774122450944
5645978317094912
5738776789778432
5648522548346880
5736972366643200
5650001627709440
5745670950486016
5765247948292096
5663812699029504
5739309567049728
5699414689579008
5640158636408832
5665862203736064
5678867901579264
5734271905955840
5646405666340864
5723737156485120
5630315443781632
5743939608903680
5097363353894912
5660313307316224
5650482194284544
5746985747349504
5706200536580096
5700208184786944
5686406844252160
5753858030567424
5117584059924480
5765938364284928
5678724825481216
5634684163719168
5645693574184960
5728962252636160
5680534013345792
5141700368400384
5711383756800000
5687496692203520
5193965758316544
5644009611460608
5162751546621952
5081059658039296
5725701500043264
5690257819303936
5688643247144960
5756915711737856
5173715524386816
5654580062846976
5680051165069312
5665755097989120
5694126511095808
5704650321821696
6209672172273664
5721250638856192
5736665477808128
5769530567557120
5083772265431040
5206580614135808
5763680352337920
5109380672389120
5153768085651456
5686888753004544
5646722218852352
5638721432977408
5114872861818880
5095358141038592
4827905695678464
5068090467418112
5653972123648000
5658308094459904
5631040420839424
5119250574344192
5635703144710144
5184465357766656
5636562473713664
5661941167030272
5073482329096192
6288025998852096
5747415311187968
5711166055645184
5758218697441280
6206959564881920
6319865665159168
5103996394012672
5652161459388416
5703090174951424
5726309573459968
5714975892963328
5701330244993024
5637707082498048
5111260861431808
5639791215378432
5081841140760576
5078577502486528
5674210814853120
5195932115140608
5733493980004352
5713236229881856
5730684534521856
5712229798248448
5644791094181888
5677161188950016
6204477409329152
5752207420948480
5754142773477376
5756254085447680
5688515673194496
5657146641350656
5764952132419584
5717087204933632
5719635462717440
5122677152940032
5647015014825984
5738349440532480
5685627106361344
5196637563518976
5651628682117120
5667674143064064
5641397264711680
5200072463613952
5124231595556864
5672425182199808
5160010082418688
5138772006010880
5684064812007424
5737226507911168
5722960035840000
5700084771586048
5166743517396992
5635064066998272
5697189158322176
5651351119855616
5767864455790592
5112226423767040
6238126330609664
5746728586182656
5183778632761344
5655702123053056
5729693470818304
5634869988163584
5743229060251648
5694080407306240
5705055390924800
5680276852178944
5631800428724224
5649007678324736
5197679093088256
5105917653680128
5081214813732864
5710822659588096
5685441885896704
5093743568879616
5665026295726080
5669377298923520
5656693522300928
5644164767154176
5740679460290560
5732975631138816
5668867607101440
5145122115158016
5744810145087488
5645132544081920
5125132263620608
5678358411083776
5748194042445824
5661573142020096
5165074922602496
5728024876023808
5657865243066368
5708072068579328
5754740109475840
5690000658137088
5670568615477248
5142869069266944
5137730476441600
5659711005261824
5125565719773184
5689038115700736
5659027300155392
5104724189642752
5706569366896640
5134239204900864
5701721959432192
5675176377188352
5071920034742272
5760629046509568
5664683235213312
5703897561694208
5640029049192448
5695496404336640
5717711787130880
5742701853016064
5140947608272896
5715757912555520
5688082217041920
5729392286236672
5077079095771136
5681536150011904
5749846262677504
5755108939792384
5652497003708416
5722532686594048
5676553451077632
5686663804092416
4895633907384320
5075364598513664
5182591409848320
5099990598811648
5692656021667840
5653369754484736
5129706068246528
5745541363269632
4808944824352768
5635832530599936
5670129253744640
5069869456293888
5689894156369920
5666148355932160
5636800307527680
5632819409715200
5090419801063424
5662940552232960
5721565782081536
6303008790937600
5765671338115072
5071332966400000
5195022387380224
5699219604111360
5738444466683904
5695042949742592
5637239669260288
5647562421829632
4811516637347840
5091787211276288
5177108884094976
5693124508647424
5757972340801536
5752641682407424
5770040058052608
5654737164697600
5700940812255232
5734144332005376
5740058837516288
5634282919821312
6218891520901120
5674438917881856
5092991614058496
5670886241730560
5726569955852288
5693312950337536
5130362996916224
5766567912538112
5140234442375168
5667113112961024
5736513342013440
5733754362396672
5922584948375552
5655941567479808
4796685041532928
5677047909187584
5749159537672192
5703184395796480
5661045934784512
5152880638033920
5659795562430464
5638124231196672
5749903439429632
5707451445805056
5183170693562368
5692043451957248
5657407023742976
5763337560260608
5095206005243904
5648399135145984
5639637871624192
5759141041668096
5196191088246784
5680905863561216
5759902660165632
5741514026123264
5076233524084736
5658155958665216
5730938675789824
5675128864112640
5196529316921344
5685886079467520
5759479270342656
5639183477506048
5665182793596928
5757552776183808
5684368882270208
5696679667826688
5723264106102784
5668259063922688
5683555321511936
5756658550571008
5762154296770560
5644478098440192
5698047883345920
5162965221244928
5651194554875904
5764705775779840
5631853847379968
5641799917895680
5135097929924608
5664072276115456
5630185252585472
5728078294679552
5704902651150336
5668715672633344
5739590350536704
5658894894366720
5119947969658880
5664869730746368
5667978213326848
5661420402245632
5691035543928832
5761406167154688
5719848868904960
5732225890910208
5705311142805504
5683203402629120
5678572085706752
5722304784891904
5762604932792320
5650741771370496
5144660943044608
5631350732226560
5707610896465920
5748041302671360
5134543275163648
5682897923080192
5155435942248448
5761645611581440
5681589568667648
5645848729878528
5718385895669760
5697493228584960
5696533907374080
5710870239772672
5741907015630848
5762414679162880
5632056180604928
5666796627558400
5134733327466496
5650387168133120
5651934161666048
5142741897969664
5666536245166080
5643517367943168
5754980359208960
5704536236752896
5744651969495040
5166316168151040
5729266121572352
5730420930904064
5115044123639808
5705691851390976
5754219344691200
5711735340138496
5728306397708288
5765183054020608
5645386685349888
5745827515465728
5754375775453184
5737833507586048
5671536392404992
5687924041449472
5689765575786496
5763978584129536
5125436132556800
5688386085978112
5701979120599040
5699349795307520
5720993477689344
5719074432614400
5655778694266880
5653241173901312
5092828740845568
5679920973873152
5071410544246784
5700812231671808
5635321228165120
5117186842558464
5646592027656192
5673461879930880
5660403031867392
5655187800719360
5633570760556544
5669687610310656
5727347076497408
5661854663704576
5130543653978112
5735905604141056
5124654985379840
5693493607399424
5687604938801152
5107427603120128
5702295002021888
5669608488960000
5702731276746752
5670377556541440
5642740247298048
5074130265178112
5746920853078016
5708755706576896
5637080218599424
5704221898833920
5644230869385216
5676424065187840
5733831940243456
5755749426790400
5080994763767808
5637564006400000
5080590969733120
5194081252671488
5082898776457216
5664164282368000
5690221379190784
5731861556887552
5692966333054976
5657278443159552
5643540923154432
5756518494371840
5689297692786688
5768334419165184
5660049703698432
5769848999116800
5710396451192832
5643944717189120
5757031206092800
5719121945690112
5720109251297280
5691646234591232
5113956490280960
5654275992584192
5750161405902848
5636279542743040
5736361407545344
5690373313658880
5730902235676672
5108196670701568
5699610177699840
5632724383563776
5721845693153280
5662608229138432
5671146624122880
5755364691673088
5652096565116928
5652850600312832
5737480514961408
5717929823830016
5089406994087936
5640499012567040
5639351249666048
5638017393885184
5685187140648960
5700370118475776
5760195456139264
5675342538735616
5757411310698496
5691274988355584
5175750265143296
5671907638640640
5112392585314304
6221411391635456
5635792869261312
5701265350721536
5095511484792832
5758578199625728
5640311980163072
5731716400414720
5733636452122624
5707778668625920
5765997218758656
5178054582206464
5738700218564608
5759330355773440
5629575904100352
5715103466913792
5673073118281728
6303954489049088
5120095877595136
4897762600550400
5700423470022656
5152153513492480
5658461438214144
6305137484103680
5138163462832128
5714237762568192
5674496161742848
5752492767838208
5650129201659904
5179237577261056
5701113416253440
5668574207148032
5657082955038720
5123197917724672
5119732684423168
5642425909379072
5686147871145984
5696014753202176
5158991101427712
5741004535627776
5750197846016000
5721941054849024
5683045831016448
5713391385575424
5733235208224768
5642054663143424
5197935448948736
5641270294740992
5649353691627520
5722608653828096
5682682637844480
5677303661068288
5742571661819904
5094762549870592
5717023518621696
5684219967700992
5657751292215296
5202797351927808
5633049995771904
5666224323166208
5070100042350592
5657712503291904
5664720816177152
5742923580702720
5179973627281408
5705944180719616
6288353825652736
5723475968786432
5094801338793984
5694275694100480
6262039366336512
5162453918810112
5639026912526336
5076076959105024
5136139459493888
5073141952937984
5749384285257728
5766087547289600
6199041859780608
5186434331836416
5677675511283712
5087672297062400
5726749002301440
5171067207286784
5767346106925056
5705162228236288
5647201107705856
5650622250483712
5656123633827840
5734017160708096
5695121936875520
5662685806985216
5749423074181120
5740315998683136
5633851275608064
5716776893546496
5746008172527616
5097965790167040
5677611220992000
5660915743588352
5757864698183680
5765105476173824
5667370274127872
5684609735983104
5712679226310656
5724948068827136
5706033703944192
5679350280093696
5707090131681280
5666313846390784
5630742793027584
5675983562604544
5632113424465920
5639510700326912
5716064197410816
5716905876783104
5648703809388544
5734439678115840
5070034946752512
5746196614217728
5764192258752512
5632984900173824
5638703112257536
5681162219421696
5765785288966144
5741200225075200
5726828727631872
5764451433185280
5699127396532224
5697940240728064
5668151421304832
5759013870370816
5757793965441024
5660531612450816
5726683906703360
5684539003240448
5728382968922112
5646021333876736
5630441608445952
5661725076488192
5710161838604288
5686068145815552
5761901967441920
5668001902755840
5697793540751360
5747933660053504
5675684525506560
5687682516647936
5644534738321408
5648633076645888
5630498248327168
5706933096939520
5748939487707136
5728676100440064
5761752448892928
5661887614156800
5668235307384832
5762767671787520
5708644372971520
5728526581891072
5681097123823616
5681335226073088
5681275767619584
5631204233576448
5663311798468608
5755997729587200
5114661267570688
5750762164453376
6271782231212032
5145882324369408
5697552888365056
5690886025379840
5696228427825152
5745237494333440
5708832277790720
5639868793225216
5745493850193920
5643772113190912
5761934313914368
5716216131878912
5149138983321600
5685807763423232
5719980670713856
5663570972901376
5647053199769600
5663461317017600
5708685577814016
5679660591480832
5664378560970752
5651784643117056
5755235104456704
5678053736841216
5755294562910208
5646906499792896
5148948125712384
5745347150217216
5687116654706688
5729851042430976
5177025937539072
5753568388710400
5711898079133696
5646874153320448
5645240186699776
5667545562480640
5696101055201280
5728605367697408
5643625413214208
5758753487978496
5653942327312384
5754435435233280
5687777542799360
5720239442493440
5753627847163904
5721718521856000
5155657669935104
5655266787852288
5737161613639680
5689608004173824
5670503721205760
5143696991322112
5708494854422528
5653495919149056
5706646944743424
5759051853987840
5644572721938432
5690820929781760
5686969954729984
5735393697726464
5756035713204224
5679790782676992
5738044766289920
5669869676658688
5702167830724608
5686003050217472
5726146096267264
5746311907246080
5712088936742912
5720453519769600
5656236913590272
5699478375890944
5718607623356416
5636953047302144
5697266736168960
5068292263772160
5689461304197120
5703789046661120
5631639635886080
5637277854203904
5637337312657408
5647906690301952
5725722907770880
5645316556587008
5651874166341632
5737014913662976
5631242217193472
5736296311947264
5692031573688320
5674610515247104
5635480947261440
5664313465372672
5669720560762880
5731644862365696
5172099073179648
5675494473203712
5767559781548032
5692896204292096
5768418909224960
5656846262075392
5744440375246848
5691306529521664
5131689202286592
5694639155707904
5750501782061056
5656774724026368
5095439946743808
5642165526986752
5731791428124672
5664530495438848
5678205671309312
5673757830021120
5197636411850752
5650981350014976
5735049026600960
5733572765810688
5751960594546688
5714468482842624
5742272624721920
5716959832309760
5711832983535616
5760970899062784
5706456892440576
5754563613163520
5721413042307072
5633201930240000
5725202142986240
5721869516800000
5654961308303360
5639066305429504
5632242407702528
5655298329018368
5694382799847424